0 0.11171875 0.1890625 0.05546875 0.11875
0 0.238949228125 0.6207371078125 0.2342178984375 0.6192849390624999 0.23316045000000002 0.6200160671875 0.23382773750000002 0.622654190625 0.25818585 0.63623116875 0.2586856734375 0.6393217953125 0.2611781359375 0.6395356390625 0.2668161484375 0.6320316187499999 0.2637172375 0.6310088203124999 0.2604850421875 0.6325874859375 0.238949228125 0.6207371078125
0 0.5859375 0.95390625 0.0625 0.0921875
0 0.4765625 0.98828125 0.034375 0.0234375
0 0.503125 0.934375 0.03125 0.13125
0 0.7046875 0.95234375 0.025 0.0953125
0 0.6609375 0.98359375 0.015625 0.0328125
0 0.7890625 0.92109375 0.04375 0.1578125
0 0.959375 0.93359375 0.065625 0.1328125
0 0.94765625 0.9828125 0.0234375 0.034375
0 0.84609375 0.89296875 0.03984375 0.1515625
0 0.84453125 0.8890625 0.05390625 0.2