0 0.67734375 0.34140625 0.009375 0.08515625
0 0.7 0.33046875 0.0140625 0.10390625
0 0.7609375 0.33671875 0.00859375 0.1078125
0 0.803125 0.33828125 0.0234375 0.075
0 0.7171875 0.35234375 0.0171875 0.1
0 0.7859375 0.2890625 0.00546875 0.08828125
0 0.7359375 0.34140625 0.00390625 0.03515625
0 0.8953125 0.2734375 0.02734375 0.23515625
0 0.8546875 0.24140625 0.00703125 0.10078125
0 0.29609375 0.6921875 0.3515625 0.50625
0 0.7975434 0.855246825 0.7958525015625 0.85153624375 0.7955002312499999 0.825843990625 0.7925411609375 0.822133409375 0.7900048140625 0.8272061031250001 0.7896525437499999 0.852663509375 0.7867639265624999 0.855246825 0.7975434 0.855246825