0 0.8120744578125001 0 0.805824334375 0.1770213703125 0.80338094375 0.1770786375 0.8030755203125001 0.188474759375 0.8051116781250001 0.1901927671875 0.8048062546875 0.1948886578125 0.8011411703124999 0.20009994999999997 0.7994104359375 0.2053112421875 0.7989013968750001 0.21172513906249998 0.8037881765625 0.21430215156250002 0.802336859375 0.25 0.8673545687499999 0.25 0.8663955218750001 0.1913878609375 0.8713965375000001 0.18985345781250001 0.869426440625 0.1862731859375 0.8665470671875 0.18465353906249998 0.8635923156249999 0 0.8120744578125001 0
0 0.1625 0.95546875 0.0625 0.0890625
0 0.0796875 0.9359375 0.03125 0.128125
0 0.28125 0.95390625 0.025 0.0921875
0 0.2375 0.98515625 0.015625 0.0296875
0 0.365625 0.92265625 0.04375 0.1546875
0 0.51640625 0.93515625 0.0265625 0.1296875
0 0.52109375 0.984375 0.0171875 0.03125
0 0.42265625 0.89609375 0.03984375 0.1515625
0 0.42109375 0.8921875 0.05390625 0.2
0 0.971875 0.9625 0.034375 0.075