      0/99     3.66G   0.07413  0.008455         0   0.08258        19       640 0.0005041   0.02985 3.801e-05  7.15e-06    0.1318  0.005605         0
      1/99     11.4G   0.06829  0.002882         0   0.07117         8       640 0.0004791    0.1045 7.019e-05 1.066e-05       nan       nan         0
      2/99     16.5G   0.06253  0.002053         0   0.06458        13       640 0.0002199   0.05075 1.254e-05 1.843e-06    0.1349  0.008639         0
      3/99     16.5G   0.06223   0.00182         0   0.06405        21       640         0         0         0         0    0.1364     3.294         0
      4/99     16.5G   0.05472  0.001677         0   0.05639        12       640 0.0009809  0.002985 2.317e-05 5.743e-06    0.1301  0.003903         0
      5/99     16.5G   0.05989  0.001423         0   0.06131         8       640   0.02011   0.02365  0.001046 0.0001588     0.123  0.004543         0
      6/99     16.5G   0.05814  0.001727         0   0.05986         8       640         0         0         0         0    0.1269  0.004156         0
      7/99     16.5G     0.056  0.001678         0   0.05767        14       640         0         0         0         0    0.1233  0.004522         0
      8/99     16.5G   0.06776  0.001344         0    0.0691        13       640         0         0         0         0    0.1297  0.003419         0
      9/99     16.5G   0.06418  0.001279         0   0.06545        10       640         0         0         0         0    0.1273  0.003665         0
     10/99     16.5G   0.06507  0.001407         0   0.06648        11       640   0.09272    0.0209  0.003903 0.0007869    0.1255  0.003777         0
     11/99     16.5G   0.06241  0.001262         0   0.06367        19       640    0.1151   0.09104   0.02369  0.003837    0.1214  0.003967         0
     12/99     16.5G    0.0623  0.001342         0   0.06364        16       640    0.0379    0.1164  0.009093  0.001417    0.1244  0.003766         0
     13/99     16.5G   0.05977  0.001353         0   0.06113        10       640   0.02989   0.04627  0.004513 0.0006906    0.1203  0.004354         0
     14/99     16.5G   0.05179  0.001502         0   0.05329        15       640    0.0304    0.1373  0.008425  0.001446    0.1168  0.004705         0
     15/99     16.5G   0.04675   0.00168         0   0.04843        15       640   0.07186   0.07015   0.01505  0.002869    0.1146  0.004719         0
     16/99     16.5G   0.04615  0.001755         0    0.0479         9       640   0.05048    0.1955   0.02854  0.005717    0.1099  0.005066         0
     17/99     16.5G   0.04432  0.001755         0   0.04607        11       640   0.03176   0.05821  0.005973 0.0009827    0.1142  0.004862         0
     18/99     16.5G   0.04251  0.001845         0   0.04436         9       640   0.09857    0.2194   0.04556  0.009993    0.1087   0.00509         0
     19/99     16.5G   0.04198  0.001812         0   0.04379        12       640    0.1469    0.2642   0.07914   0.01742    0.1065  0.005144         0
     20/99     16.5G   0.04101  0.001986         0     0.043        17       640   0.06735    0.1746   0.03656  0.008337    0.1073   0.00506         0
     21/99     16.5G   0.04058  0.001907         0   0.04249         6       640    0.1745    0.1761   0.06901   0.01411     0.113  0.004461         0
     22/99     16.5G   0.04165  0.001859         0   0.04351        15       640    0.2199    0.1925   0.09751   0.02617    0.1071  0.004758         0
     23/99     16.5G   0.03862  0.001837         0   0.04046        14       640    0.2011    0.2284    0.1162   0.03833    0.1032  0.004932         0
     24/99     16.5G   0.03733  0.001927         0   0.03926        14       640     0.273    0.2337    0.1509   0.05116    0.1022  0.004978         0
     25/99     16.5G   0.03926   0.00187         0   0.04113        14       640    0.3072    0.2627    0.1872   0.07243    0.1028  0.004827         0
     26/99     16.5G   0.04069   0.00187         0   0.04256        11       640    0.2444    0.2179    0.1236   0.04349    0.1052  0.005087         0
     27/99     16.5G   0.04019  0.001919         0   0.04211         9       640    0.4706    0.2597    0.2598    0.1242    0.1001  0.004831         0
     28/99     16.5G   0.03954  0.001908         0   0.04145        15       640    0.4472    0.2881    0.2979     0.135   0.09981  0.004794         0
     29/99     16.5G   0.03805  0.001921         0   0.03997         8       640     0.424    0.3209    0.3007    0.1429   0.09839  0.004913         0
     30/99     16.5G   0.03592  0.001817         0   0.03774        13       640    0.4723    0.3313    0.3325     0.158    0.0994  0.004695         0
     31/99     16.5G   0.03575   0.00186         0   0.03761        11       640    0.4009    0.2582    0.2311    0.1086     0.104  0.004826         0
     32/99     16.5G   0.03761  0.001961         0   0.03957         9       640     0.581    0.2761    0.3161    0.1603   0.09833  0.005008         0
     33/99     16.5G   0.03748  0.001848         0   0.03932        15       640    0.6582    0.3716    0.4134    0.2094   0.09739  0.004481         0
     34/99     16.5G   0.03562  0.001963         0   0.03758        11       640    0.5573    0.3776    0.3754    0.1732   0.09888  0.004532         0
     35/99     16.5G   0.03516  0.001841         0     0.037        11       640    0.4928    0.2567    0.2482    0.1103    0.1011  0.004857         0
     36/99     16.5G   0.03342  0.001942         0   0.03536        10       640    0.5296    0.3746    0.3858    0.1947   0.09738   0.00477         0
     37/99     16.5G   0.03473  0.001908         0   0.03664        14       640    0.4537    0.3716    0.3403    0.1774    0.0974  0.004739         0
     38/99     16.5G   0.03571  0.001963         0   0.03768        11       640    0.6773    0.3791    0.4376    0.2375   0.09557  0.004677         0
     39/99     16.5G   0.03355  0.001893         0   0.03545        13       640    0.6902    0.4057    0.4536    0.2553   0.09566   0.00475         0
     40/99     16.5G   0.03442  0.001971         0    0.0364        14       640    0.5302    0.3284    0.3359    0.1765    0.0981  0.004658         0
     41/99     16.5G   0.03403  0.001893         0   0.03592        10       640    0.6015    0.3866    0.4316    0.2337   0.09647  0.004389         0
     42/99     16.5G   0.03275  0.001846         0    0.0346        14       640    0.6067    0.3552    0.3798    0.2085   0.09866  0.004718         0
     43/99     16.5G   0.03308  0.001944         0   0.03502         7       640    0.6552    0.3943      0.43     0.241   0.09618  0.004713         0
     44/99     16.5G   0.03565  0.001885         0   0.03753        11       640    0.1029    0.2209   0.03793    0.0138    0.1057  0.007601         0
     45/99     16.5G   0.03778  0.001827         0    0.0396         9       640  0.008233    0.3746  0.004578  0.001495    0.1035    0.1774         0
     46/99     16.5G    0.0382  0.001827         0   0.04003        15       640    0.5048    0.3728    0.3639    0.1814     0.102  0.004545         0
     47/99     16.5G    0.0388  0.001809         0   0.04061        13       640    0.4727    0.3761    0.3624    0.1835     0.101  0.004686         0
     48/99     16.5G   0.03602  0.001833         0   0.03786        12       640    0.6504    0.3343    0.3946    0.2178   0.09993  0.004614         0
     49/99     16.5G   0.03522  0.001851         0   0.03707        15       640    0.6647     0.358    0.4142    0.2342   0.09939   0.00478         0
     50/99     16.5G   0.03723  0.001921         0   0.03915        14       640    0.6584    0.3657    0.4208    0.2396   0.09935  0.004676         0
     51/99     16.5G   0.03463  0.001831         0   0.03646        12       640     0.567    0.4224    0.4328    0.2394   0.09959  0.004633         0
     52/99     16.5G   0.03545  0.001827         0   0.03727        12       640    0.4109    0.3045    0.2821    0.1403    0.1045  0.004985         0
     53/99     16.5G   0.03122  0.001853         0   0.03308        14       640     0.657    0.3866    0.4358    0.2551   0.09836  0.004582         0
     54/99     16.5G   0.03461  0.001859         0   0.03647        18       640    0.5805     0.397    0.4379    0.2416   0.09878  0.004492         0
     55/99     16.5G   0.03331  0.001954         0   0.03526        19       640    0.5847    0.4537    0.4665    0.2816   0.09779  0.004454         0
     56/99     16.5G   0.03301  0.001859         0   0.03487        11       640     0.701     0.406    0.4771    0.2799   0.09718   0.00438         0
     57/99     16.5G   0.03497  0.001789         0   0.03676        11       640    0.6344       0.4    0.4607    0.2647   0.09696   0.00433         0
     58/99     16.5G    0.0314  0.001837         0   0.03324         9       640    0.7217    0.4209     0.508    0.3005    0.0957  0.004525         0
     59/99     16.5G   0.03205   0.00184         0   0.03389        12       640    0.5452    0.4582    0.4715    0.2774   0.09564  0.004383         0
     60/99     16.5G    0.0312  0.001917         0   0.03311        16       640    0.6701    0.4343    0.5059    0.3085   0.09518  0.004503         0
     61/99     16.5G   0.03354   0.00186         0    0.0354        10       640    0.7252    0.4253    0.5017    0.2963   0.09634  0.004503         0
     62/99     16.5G   0.03074  0.001824         0   0.03257        12       640    0.6616    0.4435    0.5039    0.2988   0.09572  0.004433         0
     63/99     16.5G   0.03127  0.001865         0   0.03314         9       640     0.707    0.4537    0.5313    0.3154     0.095  0.004463         0
     64/99     16.5G   0.03455  0.001812         0   0.03636         9       640    0.6841    0.4254    0.4856    0.2963   0.09645  0.004366         0
     65/99     16.5G   0.03094  0.001807         0   0.03275        13       640    0.6533    0.4612    0.5213    0.3246   0.09484  0.004407         0
     66/99     16.5G   0.03094  0.001876         0   0.03281         9       640    0.6063    0.5015    0.5348    0.3318   0.09444  0.004268         0
     67/99     16.5G   0.03101  0.001824         0   0.03283        18       640    0.6884    0.4851    0.5477    0.3436   0.09372  0.004401         0
     68/99     16.5G   0.02948  0.001826         0    0.0313        10       640    0.7038    0.4965    0.5611    0.3466   0.09384  0.004382         0
     69/99     16.5G    0.0329  0.001832         0   0.03473        14       640    0.6028    0.5239    0.5392    0.3268   0.09421  0.004456         0
     70/99     16.5G   0.03043  0.001869         0    0.0323        17       640    0.7017    0.4896    0.5538    0.3471   0.09311  0.004477         0
     71/99     16.5G   0.03084  0.001778         0   0.03261        13       640    0.7381    0.4879    0.5687    0.3368   0.09364  0.004386         0
     72/99     16.5G   0.03198  0.001786         0   0.03376         8       640    0.7021    0.4851      0.56    0.3426   0.09343  0.004351         0
     73/99     16.5G   0.02987   0.00182         0   0.03169        14       640    0.6771    0.5416    0.5766    0.3617   0.09284  0.004356         0
     74/99     16.5G   0.03118  0.001776         0   0.03296        10       640    0.6616    0.5457    0.5815    0.3598   0.09271  0.004357         0
     75/99     16.5G   0.03102  0.001904         0   0.03292        11       640    0.6823    0.4937    0.5507    0.3317   0.09387  0.004399         0
     76/99     16.5G   0.02975  0.001827         0   0.03158        11       640    0.6089    0.5403    0.5643    0.3575    0.0932  0.004274         0
     77/99     16.5G   0.02904  0.001845         0   0.03089        11       640     0.707     0.479    0.5538    0.3392   0.09382  0.004373         0
     78/99     16.5G   0.02932  0.001774         0    0.0311        10       640    0.7188    0.5269    0.5915    0.3746   0.09317  0.004225         0
     79/99     16.5G   0.02731  0.001813         0   0.02912        11       640    0.6785    0.5388    0.5857    0.3625   0.09279  0.004326         0
     80/99     16.5G   0.02867  0.001856         0   0.03052        12       640    0.7408    0.5045     0.585    0.3592   0.09253  0.004307         0
     81/99     16.5G   0.02885  0.001862         0   0.03071        13       640     0.751    0.5312    0.5978    0.3722   0.09291  0.004274         0
     82/99     16.5G   0.02701  0.001819         0   0.02883         7       640    0.6997    0.5269    0.5894    0.3688   0.09242   0.00431         0
     83/99     16.5G   0.02868  0.001872         0   0.03055        14       640    0.6477    0.5358    0.5735    0.3495   0.09211  0.004367         0
     84/99     16.5G   0.02838  0.001735         0   0.03012         7       640    0.7906    0.4847     0.594    0.3751   0.09164  0.004379         0
     85/99     16.5G   0.02925  0.001872         0   0.03112        10       640    0.7345    0.5119    0.5931    0.3694   0.09152  0.004459         0
     86/99     16.5G   0.02817  0.001817         0   0.02999        17       640    0.8244    0.4716    0.5953    0.3784   0.09126  0.004311         0
     87/99     16.5G   0.02751  0.001908         0   0.02942        11       640    0.6778    0.5243    0.5791    0.3696    0.0921   0.00428         0
     88/99     16.5G   0.02804    0.0019         0   0.02994         8       640    0.7426    0.5224    0.6003    0.3779   0.09196  0.004183         0
     89/99     16.5G   0.02757  0.001839         0   0.02941        11       640    0.6873    0.5537    0.5987    0.3792   0.09128  0.004264         0
     90/99     16.5G   0.02776  0.001849         0   0.02961        12       640    0.6771    0.5383      0.59    0.3787   0.09163  0.004305         0
     91/99     16.5G   0.02628  0.001833         0   0.02811        11       640    0.7381    0.5224    0.6106     0.384   0.09158  0.004323         0
     92/99     16.5G   0.02856   0.00184         0    0.0304        15       640    0.7355    0.5355    0.6156    0.3934     0.091  0.004233         0
     93/99     16.5G   0.02762  0.001855         0   0.02947        13       640    0.6963    0.5337    0.5975    0.3729   0.09135   0.00434         0
     94/99     16.5G    0.0276  0.001778         0   0.02938        12       640    0.6763    0.5831      0.62    0.3916   0.09153  0.004224         0
     95/99     16.5G   0.02733  0.001871         0    0.0292        13       640     0.715    0.5448    0.6141    0.3927   0.09073  0.004298         0
     96/99     16.5G   0.02578  0.001826         0    0.0276        18       640    0.6918    0.5797    0.6248    0.3905   0.09165  0.004266         0
     97/99     16.5G   0.02642  0.001821         0   0.02824         6       640    0.7754    0.4997    0.6059    0.3909   0.09117  0.004213         0
     98/99     16.5G   0.02851   0.00191         0   0.03042         9       640    0.6586    0.5851    0.6126     0.391    0.0912  0.004256         0
     99/99     16.5G    0.0259  0.001924         0   0.02782        14       640    0.7319    0.5418    0.6161    0.3971   0.09074   0.00423         0
