     0/299     11.7G   0.06279   0.00715         0   0.06995        38       640    0.4129     0.277    0.2475   0.06641    0.0662   0.00614         0
     1/299     21.1G   0.04658  0.005975         0   0.05256        46       640    0.6135    0.4021    0.4732    0.2078   0.05498  0.005616         0
     2/299     22.4G   0.04411  0.005422         0   0.04953        48       640    0.5133    0.5075    0.3892    0.2064   0.06235  0.004665         0
     3/299     22.1G   0.04834  0.004965         0    0.0533        49       640    0.3854    0.3233    0.2072    0.0905   0.07701   0.00484         0
     4/299     22.1G   0.04572  0.004953         0   0.05067        37       640     0.599    0.5527    0.5284    0.3026   0.05211  0.004932         0
     5/299     22.1G   0.04161  0.004991         0    0.0466        41       640    0.6564    0.5446    0.5384    0.3592   0.04973  0.005017         0
     6/299     22.1G   0.03859  0.005015         0   0.04361        65       640    0.7548    0.6037    0.6244     0.424   0.04712  0.004433         0
     7/299     22.1G   0.03683  0.005031         0   0.04186        47       640    0.7431     0.563    0.5629    0.3911   0.04122  0.005398         0
     8/299     22.1G   0.03508  0.005098         0   0.04018        52       640    0.7536    0.5955    0.6182    0.4397   0.03754  0.005321         0
     9/299     22.1G   0.03426  0.005066         0   0.03933        46       640    0.7685    0.6362     0.644    0.4496   0.03378  0.004901         0
    10/299     22.1G   0.03298  0.005037         0   0.03802        58       640    0.8555    0.6362    0.7056    0.5033   0.03229  0.004648         0
    11/299     22.1G    0.0327  0.005087         0   0.03778        43       640    0.8496    0.6315    0.7128     0.507   0.03137  0.004306         0
    12/299     22.1G   0.03188  0.005092         0   0.03697        45       640    0.8424    0.6686    0.7447    0.5379     0.031  0.004381         0
    13/299     22.1G   0.03161  0.004973         0   0.03659        46       640    0.8059    0.6721    0.7337    0.5284   0.02874  0.004255         0
    14/299     22.1G   0.03093  0.005028         0   0.03596        65       640    0.8226    0.6895    0.7475    0.5351   0.02853  0.004102         0
    15/299     22.1G   0.03051  0.004918         0   0.03543        32       640    0.9029    0.6813     0.785    0.5572   0.02893  0.004074         0
    16/299     22.1G   0.02974  0.004903         0   0.03465        50       640    0.8099    0.7207    0.7675    0.5652   0.02759  0.004195         0
    17/299     22.1G   0.03145  0.005037         0   0.03649        49       640    0.7788    0.7056    0.7141    0.4951   0.03137  0.004435         0
    18/299     22.1G   0.03032  0.005014         0   0.03534        56       640    0.8261    0.7486    0.7759    0.5519   0.02776  0.004249         0
    19/299     22.1G   0.02964  0.004972         0   0.03461        39       640    0.8136    0.7031    0.7666    0.5632   0.02739  0.003941         0
    20/299     22.1G    0.0293  0.004813         0   0.03411        50       640    0.8156    0.7903    0.8021    0.5801   0.02667   0.00406         0
    21/299     22.1G   0.02869  0.004937         0   0.03362        57       640    0.8508    0.7543     0.784    0.5696   0.02704  0.004133         0
    22/299     22.1G   0.02858  0.004915         0    0.0335        43       640    0.8332    0.7555    0.7956    0.5743   0.02672  0.004052         0
    23/299     22.1G   0.02858  0.004867         0   0.03344        40       640    0.8484    0.7694    0.7937    0.5818   0.02498  0.004108         0
    24/299     22.1G   0.02817  0.004973         0   0.03314        53       640     0.798     0.769    0.7577    0.5567   0.02535  0.004202         0
    25/299     22.1G   0.02804  0.004906         0   0.03295        63       640    0.8931    0.7474     0.814    0.6067   0.02504  0.004217         0
    26/299     22.1G    0.0279  0.004902         0    0.0328        62       640    0.8588     0.789    0.8074    0.5922   0.02479  0.003939         0
    27/299     22.1G    0.0273  0.004857         0   0.03215        29       640    0.8476    0.7992    0.8058    0.5928   0.02431  0.004233         0
    28/299     22.1G   0.02728  0.004896         0   0.03217        55       640    0.8768     0.808    0.8467    0.6368   0.02457  0.003889         0
    29/299     22.1G   0.02737  0.004714         0   0.03209        49       640    0.8984    0.7822    0.8464    0.6296   0.02331  0.004002         0
    30/299     22.1G   0.02683   0.00474         0   0.03157        56       640    0.8976      0.81    0.8422      0.63   0.02601  0.003733         0
    31/299     22.1G   0.02666  0.004727         0   0.03139        40       640    0.8975    0.8331    0.8695    0.6456     0.023  0.003859         0
    32/299     22.1G   0.02698  0.004844         0   0.03182        51       640    0.8948    0.8276    0.8471    0.6331   0.02369  0.004094         0
    33/299     22.1G   0.02676  0.004798         0   0.03156        68       640    0.9122      0.81    0.8504    0.6484   0.02294  0.003803         0
    34/299     22.1G   0.02688  0.004755         0   0.03164        50       640    0.8658    0.8146    0.8449    0.6281   0.02322  0.003806         0
    35/299     22.1G   0.02699  0.004784         0   0.03177        45       640    0.8608    0.7995    0.8309    0.6342   0.02373  0.003746         0
    36/299     22.1G   0.02641  0.004798         0    0.0312        42       640    0.9005    0.8388    0.8764    0.6685   0.02228  0.003641         0
    37/299     22.1G   0.02581  0.004744         0   0.03055        27       640    0.8457    0.8216     0.853      0.65   0.02394  0.003682         0
    38/299     22.1G   0.02601  0.004758         0   0.03077        62       640    0.9139    0.7993     0.848    0.6588    0.0224   0.00372         0
    39/299     22.1G   0.02577  0.004755         0   0.03053        54       640    0.8801    0.8165     0.855    0.6538    0.0219  0.003776         0
    40/299     22.1G   0.02566  0.004748         0    0.0304        50       640    0.9027     0.832    0.8602    0.6454   0.02179  0.003863         0
    41/299     22.1G   0.02587  0.004764         0   0.03064        52       640    0.9152    0.8377    0.8671     0.663   0.02262  0.003822         0
    42/299     22.1G   0.02569  0.004754         0   0.03044        56       640    0.9106    0.8297    0.8655    0.6699   0.02194   0.00383         0
    43/299     22.1G   0.02569  0.004726         0   0.03041        49       640    0.9241    0.8204    0.8629    0.6682   0.02172   0.00373         0
    44/299     22.1G   0.02547  0.004754         0   0.03022        38       640    0.9179    0.8459    0.8787    0.6735   0.02272  0.003683         0
    45/299     22.1G   0.02521  0.004741         0   0.02995        43       640    0.9062    0.8398     0.875    0.6696   0.02203  0.003752         0
    46/299     22.1G   0.02504  0.004792         0   0.02983        54       640    0.9216    0.8343    0.8686    0.6594   0.02298  0.003837         0
    47/299     22.1G   0.02581  0.004678         0   0.03049        46       640    0.9066    0.8366    0.8666    0.6622   0.02173  0.003658         0
    48/299     22.1G   0.02554  0.004723         0   0.03026        47       640    0.9108    0.8402     0.868    0.6713   0.02108  0.003842         0
    49/299     22.1G   0.02542  0.004749         0   0.03017        55       640    0.9161    0.8366    0.8729    0.6711   0.02357  0.003674         0
    50/299     22.1G   0.02521   0.00468         0   0.02989        44       640    0.9154    0.8272    0.8752     0.672   0.02306   0.00372         0
    51/299     22.1G   0.02495  0.004748         0   0.02969        54       640    0.9137    0.8465    0.8858    0.6804   0.02152  0.003758         0
    52/299     22.1G    0.0251  0.004687         0   0.02978        46       640    0.9248    0.8378    0.8896    0.6866    0.0211   0.00374         0
    53/299     22.1G   0.02475  0.004657         0   0.02941        50       640    0.9219    0.8481    0.8817    0.6863   0.02135  0.003776         0
    54/299     22.1G   0.02499  0.004626         0   0.02961        43       640    0.9285     0.858    0.8957    0.6914   0.02138  0.003803         0
    55/299     22.1G   0.02481  0.004703         0   0.02952        47       640      0.92    0.8424    0.8903    0.6876   0.02402  0.003668         0
    56/299     22.1G   0.02481  0.004641         0   0.02945        60       640    0.9234    0.8413    0.8892    0.6911   0.02264  0.003602         0
    57/299     22.1G   0.02466  0.004642         0    0.0293        44       640    0.9389    0.8375    0.8867    0.6869   0.02187  0.003626         0
    58/299     22.1G   0.02428  0.004595         0   0.02887        45       640    0.9235    0.8436    0.8908    0.6906   0.02026  0.003723         0
    59/299     22.1G   0.02451  0.004633         0   0.02914        48       640    0.9064    0.8644    0.8818    0.6853   0.02083  0.003723         0
    60/299     22.1G   0.02449  0.004698         0   0.02919        51       640    0.9029    0.8528    0.8802    0.6866   0.02122  0.003751         0
    61/299     22.1G   0.02453  0.004639         0   0.02917        41       640    0.9305     0.854    0.8893    0.6887   0.02055  0.003679         0
    62/299     22.1G   0.02425  0.004652         0    0.0289        48       640    0.9341    0.8586    0.8925    0.6976   0.02007  0.003638         0
    63/299     22.1G   0.02431  0.004668         0   0.02897        55       640    0.9269    0.8563    0.8892    0.6877   0.02028  0.003763         0
    64/299     22.1G    0.0249  0.004577         0   0.02947        37       640    0.9456    0.8331    0.8841    0.6913   0.01993  0.003794         0
    65/299     22.1G   0.02441  0.004608         0   0.02902        53       640    0.9186    0.8528    0.8915    0.6946    0.0204  0.003713         0
    66/299     22.1G   0.02477  0.004672         0   0.02944        51       640    0.9091     0.861    0.8926    0.6965   0.02087  0.003669         0
    67/299     22.1G   0.02407  0.004613         0   0.02868        70       640    0.9249    0.8562    0.8925    0.6948   0.02087  0.003578         0
    68/299     22.1G    0.0242  0.004587         0   0.02879        35       640    0.9173    0.8644    0.8922    0.6984   0.02003  0.003548         0
    69/299     22.1G   0.02423  0.004639         0   0.02887        40       640    0.9294    0.8539    0.8981    0.7006   0.01971  0.003619         0
    70/299     22.1G   0.02389  0.004655         0   0.02855        49       640    0.9413    0.8517    0.8931    0.6904    0.0198  0.003719         0
    71/299     22.1G   0.02411  0.004525         0   0.02864        45       640    0.9446    0.8493    0.9002    0.7025   0.02024  0.003647         0
    72/299     22.1G   0.02375  0.004566         0   0.02831        50       640    0.9564    0.8389    0.8953    0.7011   0.02009  0.003667         0
    73/299     22.1G   0.02402  0.004536         0   0.02856        48       640    0.9361    0.8654    0.9047     0.708   0.02001  0.003678         0
    74/299     22.1G   0.02423  0.004564         0    0.0288        42       640     0.937    0.8617    0.9064    0.7142   0.01947   0.00364         0
    75/299     22.1G   0.02387  0.004678         0   0.02855        60       640    0.9247    0.8702    0.9075    0.7143   0.01965  0.003647         0
    76/299     22.1G   0.02352  0.004614         0   0.02814        41       640    0.9156    0.8679    0.9024    0.7081   0.01957  0.003681         0
    77/299     22.1G   0.02341  0.004606         0   0.02802        52       640    0.9136    0.8714    0.8959    0.7068   0.01937  0.003725         0
    78/299     22.1G   0.02363  0.004472         0    0.0281        37       640    0.9279    0.8679     0.903    0.7116    0.0197  0.003684         0
    79/299     22.1G   0.02322   0.00453         0   0.02775        62       640    0.9305    0.8725    0.9054    0.7157   0.02037  0.003682         0
    80/299     22.1G   0.02395  0.004674         0   0.02862        50       640    0.9416    0.8598    0.9009    0.7114   0.02134  0.003643         0
    81/299     22.1G   0.02368  0.004569         0   0.02825        52       640    0.9376    0.8586    0.9037    0.7105   0.02107  0.003587         0
    82/299     22.1G    0.0233  0.004537         0   0.02784        56       640    0.9348    0.8691    0.9052    0.7129   0.02018  0.003628         0
    83/299     22.1G    0.0231  0.004614         0   0.02772        46       640    0.9547    0.8549    0.9091    0.7142   0.01972  0.003624         0
    84/299     22.1G   0.02314  0.004516         0   0.02766        38       640    0.9274    0.8736    0.9094    0.7164   0.01948  0.003588         0
    85/299     22.1G   0.02304  0.004565         0    0.0276        47       640    0.9543    0.8494    0.9053    0.7156   0.01948  0.003651         0
    86/299     22.1G   0.02318  0.004526         0    0.0277        57       640    0.9383    0.8644    0.9037    0.7136   0.01934  0.003654         0
    87/299     22.1G   0.02328  0.004643         0   0.02792        48       640    0.9264    0.8633    0.9017    0.7159    0.0191  0.003613         0
    88/299     22.1G   0.02318  0.004559         0   0.02774        55       640    0.9335    0.8633    0.9063    0.7167    0.0191   0.00357         0
    89/299     22.1G   0.02312  0.004519         0   0.02764        51       640    0.9255    0.8702     0.908    0.7184   0.01918  0.003555         0
    90/299     22.1G   0.02279  0.004509         0    0.0273        41       640    0.9368     0.861     0.909    0.7215   0.01928   0.00356         0
    91/299     22.1G   0.02279  0.004542         0   0.02733        60       640    0.9279    0.8643    0.9092    0.7192   0.01927  0.003595         0
    92/299     22.1G   0.02268  0.004509         0   0.02719        38       640    0.9509    0.8523    0.9123    0.7214   0.01931  0.003617         0
    93/299     22.1G   0.02282   0.00455         0   0.02737        38       640    0.9548    0.8561    0.9143    0.7253   0.01944  0.003609         0
    94/299     22.1G   0.02271  0.004546         0   0.02725        57       640    0.9435    0.8702    0.9179    0.7268    0.0196  0.003577         0
    95/299     22.1G   0.02259  0.004597         0   0.02719        56       640    0.9558    0.8575    0.9206    0.7305   0.01957  0.003556         0
    96/299     22.1G   0.02259  0.004468         0   0.02706        46       640    0.9297    0.8772    0.9218    0.7305   0.01961  0.003537         0
    97/299     22.1G   0.02265  0.004613         0   0.02726        40       640     0.927    0.8828    0.9191    0.7305   0.01969  0.003523         0
    98/299     22.1G   0.02311  0.004562         0   0.02767        46       640    0.9474    0.8598    0.9184    0.7323   0.01951  0.003534         0
    99/299     22.1G   0.02266  0.004518         0   0.02718        46       640    0.9524    0.8586    0.9175    0.7309   0.01937  0.003537         0
   100/299     22.1G   0.02268  0.004486         0   0.02716        63       640    0.9492    0.8652    0.9171    0.7293   0.01932  0.003553         0
   101/299     22.1G    0.0226   0.00458         0   0.02719        47       640     0.951    0.8633    0.9153    0.7298   0.01936  0.003552         0
   102/299     22.1G   0.02272  0.004515         0   0.02724        43       640    0.9501    0.8644    0.9167    0.7329   0.01928  0.003566         0
   103/299     22.1G   0.02224    0.0045         0   0.02674        54       640     0.955    0.8616    0.9168    0.7315   0.01924  0.003567         0
   104/299     22.1G   0.02273  0.004585         0   0.02731        68       640    0.9434    0.8698    0.9164    0.7286   0.01922  0.003574         0
   105/299     22.1G   0.02262  0.004523         0   0.02714        44       640    0.9527    0.8631    0.9168     0.729   0.01919  0.003581         0
   106/299     22.1G   0.02249  0.004499         0   0.02699        43       640     0.953    0.8688    0.9172    0.7301   0.01928  0.003562         0
   107/299     22.1G   0.02251  0.004472         0   0.02698        53       640    0.9446    0.8737    0.9181    0.7287   0.01941  0.003557         0
   108/299     22.1G   0.02208  0.004469         0   0.02655        47       640    0.9609    0.8586    0.9191    0.7318   0.01953  0.003548         0
   109/299     22.1G   0.02229   0.00451         0    0.0268        45       640    0.9369    0.8768    0.9186    0.7325   0.01962  0.003544         0
   110/299     22.1G   0.02243  0.004537         0   0.02696        40       640    0.9389    0.8783    0.9191    0.7325   0.01962  0.003545         0
   111/299     22.1G   0.02207  0.004458         0   0.02653        38       640    0.9395    0.8772    0.9192    0.7326    0.0197  0.003545         0
   112/299     22.1G   0.02228  0.004454         0   0.02673        41       640    0.9376    0.8783     0.918      0.73   0.01972  0.003541         0
   113/299     22.1G   0.02201  0.004491         0    0.0265        62       640    0.9394    0.8818    0.9195    0.7325   0.01969  0.003534         0
   114/299     22.1G   0.02198  0.004565         0   0.02654        45       640    0.9355    0.8818    0.9194    0.7333   0.01968  0.003533         0
   115/299     22.1G   0.02202  0.004468         0   0.02649        57       640    0.9323    0.8864    0.9196    0.7327   0.01964  0.003531         0
   116/299     22.1G   0.02193  0.004406         0   0.02634        59       640    0.9305    0.8853    0.9193    0.7335   0.01959   0.00353         0
   117/299     22.1G   0.02185  0.004525         0   0.02638        42       640    0.9359    0.8806    0.9194    0.7312   0.01966  0.003526         0
   118/299     22.1G   0.02182   0.00443         0   0.02625        62       640    0.9278    0.8864    0.9192    0.7307   0.01967  0.003522         0
   119/299     22.1G   0.02202   0.00452         0   0.02654        38       640    0.9419    0.8691    0.9174    0.7291   0.01956  0.003523         0
   120/299     22.1G   0.02179  0.004372         0   0.02616        37       640    0.9465    0.8667    0.9178    0.7287   0.01952  0.003519         0
   121/299     22.1G   0.02184  0.004491         0   0.02633        33       640     0.939    0.8736    0.9179    0.7281   0.01941  0.003515         0
   122/299     22.1G   0.02169  0.004403         0   0.02609        45       640    0.9458     0.869    0.9182    0.7292   0.01933  0.003511         0
   123/299     22.1G    0.0217  0.004468         0   0.02617        54       640    0.9415    0.8737    0.9181    0.7299   0.01922  0.003516         0
   124/299     22.1G   0.02166  0.004441         0    0.0261        44       640    0.9435    0.8713    0.9169    0.7293   0.01915  0.003517         0
   125/299     22.1G   0.02172  0.004483         0    0.0262        47       640    0.9423    0.8725    0.9173    0.7318   0.01912  0.003517         0
   126/299     22.1G   0.02165  0.004464         0   0.02612        45       640    0.9435    0.8725    0.9168    0.7312   0.01907  0.003515         0
   127/299     22.1G   0.02163  0.004409         0   0.02604        50       640    0.9424    0.8725    0.9171    0.7319   0.01904  0.003515         0
   128/299     22.1G   0.02195  0.004463         0   0.02641        71       640    0.9412    0.8725    0.9177     0.732     0.019  0.003517         0
   129/299     22.1G   0.02142  0.004393         0   0.02581        41       640      0.94    0.8725     0.918    0.7322   0.01893  0.003519         0
   130/299     22.1G   0.02177  0.004478         0   0.02625        52       640    0.9499    0.8656    0.9171    0.7314    0.0189  0.003516         0
   131/299     22.1G   0.02172  0.004441         0   0.02616        61       640    0.9348    0.8804    0.9164    0.7314   0.01887  0.003518         0
   132/299     22.1G   0.02118  0.004317         0    0.0255        46       640    0.9361    0.8824    0.9169    0.7297    0.0188  0.003518         0
   133/299     22.1G   0.02152  0.004462         0   0.02599        52       640    0.9328    0.8852    0.9211    0.7301   0.01876  0.003517         0
   134/299     22.1G   0.02156  0.004421         0   0.02599        34       640    0.9373    0.8828    0.9203    0.7296   0.01875  0.003517         0
   135/299     22.1G   0.02116  0.004416         0   0.02558        54       640    0.9306    0.8853      0.92     0.729   0.01875  0.003515         0
   136/299     22.1G   0.02113  0.004422         0   0.02555        57       640    0.9325    0.8841    0.9204    0.7286   0.01878  0.003517         0
   137/299     22.1G   0.02113  0.004423         0   0.02556        54       640    0.9371    0.8805    0.9178    0.7294    0.0188  0.003513         0
   138/299     22.1G   0.02126  0.004469         0   0.02573        53       640      0.94    0.8783    0.9179    0.7293    0.0188  0.003516         0
   139/299     22.1G   0.02095  0.004371         0   0.02533        43       640    0.9416    0.8783     0.917    0.7296    0.0188  0.003519         0
   140/299     22.1G   0.02125  0.004421         0   0.02568        49       640    0.9416    0.8781    0.9168    0.7298   0.01877  0.003524         0
   141/299     22.1G   0.02096  0.004423         0   0.02539        61       640    0.9437    0.8772    0.9166    0.7299   0.01876  0.003524         0
   142/299     22.1G   0.02119   0.00438         0   0.02556        47       640    0.9439    0.8767    0.9163    0.7285   0.01875  0.003531         0
   143/299     22.1G    0.0212  0.004392         0   0.02559        61       640    0.9438    0.8762    0.9162    0.7286   0.01872  0.003532         0
   144/299     22.1G   0.02109  0.004411         0    0.0255        44       640    0.9433    0.8772    0.9167    0.7295   0.01871  0.003533         0
   145/299     22.1G   0.02117   0.00431         0   0.02548        67       640    0.9529    0.8678     0.916    0.7294   0.01868  0.003536         0
   146/299     22.1G    0.0212  0.004405         0    0.0256        40       640    0.9296    0.8876     0.916    0.7308   0.01865  0.003539         0
   147/299     22.1G   0.02097  0.004365         0   0.02533        46       640    0.9524    0.8679    0.9149    0.7309   0.01864  0.003544         0
   148/299     22.1G   0.02052  0.004273         0   0.02479        48       640    0.9541    0.8675    0.9147    0.7318   0.01865  0.003546         0
   149/299     22.1G   0.02072  0.004404         0   0.02512        47       640    0.9427    0.8767    0.9148    0.7311   0.01865   0.00355         0
   150/299     22.1G   0.02082   0.00436         0   0.02518        48       640    0.9409    0.8772    0.9152    0.7305   0.01864  0.003552         0
   151/299     22.1G   0.02092  0.004338         0   0.02526        42       640    0.9415    0.8769    0.9153     0.731   0.01862  0.003556         0
   152/299     22.1G   0.02077  0.004378         0   0.02514        53       640    0.9426    0.8757    0.9153    0.7315   0.01862  0.003557         0
   153/299     22.1G   0.02085  0.004447         0    0.0253        45       640    0.9415    0.8772    0.9151    0.7317   0.01861  0.003557         0
   154/299     22.1G   0.02068  0.004373         0   0.02506        56       640    0.9422    0.8772    0.9152    0.7313   0.01861  0.003556         0
   155/299     22.1G   0.02022  0.004282         0    0.0245        51       640    0.9427     0.877    0.9153    0.7316   0.01861  0.003557         0
   156/299     22.1G   0.02069  0.004387         0   0.02508        48       640    0.9455    0.8749    0.9154    0.7313    0.0186  0.003559         0
   157/299     22.1G   0.02029  0.004347         0   0.02464        51       640    0.9439     0.877    0.9156     0.731    0.0186  0.003559         0
   158/299     22.1G   0.02043  0.004261         0   0.02469        45       640    0.9428     0.878    0.9163    0.7316   0.01861   0.00356         0
   159/299     22.1G   0.02022  0.004349         0   0.02457        42       640    0.9416    0.8781    0.9166    0.7315   0.01864  0.003559         0
   160/299     22.1G   0.02031  0.004357         0   0.02467        49       640    0.9425    0.8772    0.9168    0.7315   0.01866  0.003559         0
   161/299     22.1G   0.02027  0.004348         0   0.02462        51       640     0.945    0.8754    0.9179    0.7307   0.01864   0.00356         0
   162/299     22.1G   0.02044  0.004309         0   0.02474        43       640    0.9266     0.892    0.9185    0.7316   0.01863  0.003559         0
   163/299     22.1G   0.02043  0.004401         0   0.02483        43       640    0.9284    0.8911    0.9186    0.7311   0.01863  0.003561         0
   164/299     22.1G   0.02021  0.004355         0   0.02456        43       640    0.9339    0.8864    0.9187    0.7307   0.01863  0.003562         0
   165/299     22.1G   0.02013  0.004304         0   0.02443        44       640    0.9305    0.8911    0.9188    0.7306   0.01863  0.003561         0
   166/299     22.1G   0.02004  0.004336         0   0.02437        56       640    0.9307    0.8911    0.9206    0.7316   0.01863  0.003562         0
   167/299     22.1G   0.02015   0.00438         0   0.02453        44       640    0.9297    0.8922    0.9207    0.7323   0.01864   0.00356         0
   168/299     22.1G   0.01976   0.00434         0    0.0241        53       640    0.9308    0.8922    0.9206    0.7315   0.01866   0.00356         0
   169/299     22.1G   0.01986  0.004279         0   0.02413        54       640      0.93    0.8929    0.9206     0.732   0.01868  0.003561         0
   170/299     22.1G   0.02003  0.004359         0   0.02439        52       640    0.9309    0.8922    0.9204    0.7321   0.01868  0.003559         0
   171/299     22.1G      0.02  0.004301         0    0.0243        60       640    0.9312    0.8934    0.9217    0.7314   0.01868  0.003559         0
   172/299     22.1G   0.01985  0.004301         0   0.02415        43       640    0.9322    0.8918    0.9217    0.7316   0.01868  0.003561         0
   173/299     22.1G   0.02005  0.004274         0   0.02432        45       640    0.9311    0.8934    0.9214    0.7315    0.0187  0.003563         0
   174/299     22.1G   0.01978  0.004264         0   0.02405        66       640    0.9333     0.892    0.9218    0.7311    0.0187  0.003562         0
   175/299     22.1G   0.02005  0.004227         0   0.02427        36       640    0.9333    0.8921    0.9213    0.7315   0.01868  0.003564         0
   176/299     22.1G   0.01956  0.004304         0   0.02386        45       640    0.9333     0.892    0.9215    0.7323   0.01867  0.003566         0
   177/299     22.1G   0.01969  0.004254         0   0.02394        55       640    0.9334    0.8926    0.9218    0.7325   0.01866  0.003568         0
   178/299     22.1G   0.01952  0.004354         0   0.02387        43       640    0.9327    0.8934    0.9218    0.7322   0.01865  0.003566         0
   179/299     22.1G   0.01962  0.004229         0   0.02384        47       640    0.9333    0.8934    0.9217    0.7316   0.01864   0.00357         0
   180/299     22.1G   0.01987  0.004263         0   0.02414        55       640    0.9337    0.8934    0.9218    0.7318   0.01863  0.003572         0
   181/299     22.1G   0.01936  0.004315         0   0.02367        64       640    0.9424    0.8864    0.9206    0.7313   0.01863  0.003573         0
   182/299     22.1G   0.01951  0.004365         0   0.02387        51       640    0.9435    0.8876    0.9225    0.7314   0.01862  0.003574         0
   183/299     22.1G   0.01952   0.00416         0   0.02368        47       640    0.9363    0.8922    0.9211    0.7315   0.01861  0.003579         0
   184/299     22.1G   0.01951  0.004273         0   0.02378        49       640    0.9365    0.8922    0.9209    0.7313    0.0186  0.003581         0
   185/299     22.1G   0.01962  0.004281         0   0.02391        44       640    0.9378    0.8914    0.9208    0.7322   0.01858  0.003585         0
   186/299     22.1G   0.01938   0.00413         0   0.02351        28       640    0.9411    0.8885    0.9206    0.7317   0.01858  0.003583         0
   187/299     22.1G   0.01934  0.004305         0   0.02364        52       640    0.9355    0.8946    0.9206    0.7333   0.01857  0.003584         0
   188/299     22.1G   0.01972  0.004355         0   0.02407        37       640    0.9379     0.893      0.92     0.733   0.01856  0.003585         0
   189/299     22.1G   0.01932  0.004221         0   0.02354        40       640    0.9408    0.8922    0.9207    0.7323   0.01854  0.003588         0
   190/299     22.1G   0.01931  0.004259         0   0.02357        47       640    0.9398    0.8946    0.9207    0.7336   0.01852  0.003592         0
   191/299     22.1G   0.01911  0.004299         0   0.02341        54       640      0.94    0.8946    0.9209    0.7339    0.0185  0.003591         0
   192/299     22.1G   0.01913  0.004171         0    0.0233        44       640    0.9411    0.8946    0.9209    0.7331   0.01849  0.003593         0
   193/299     22.1G   0.01921  0.004209         0   0.02342        54       640    0.9425    0.8932     0.924    0.7338   0.01849  0.003596         0
   194/299     22.1G    0.0189  0.004275         0   0.02318        55       640    0.9425     0.893    0.9242    0.7339   0.01849  0.003597         0
   195/299     22.1G   0.01866  0.004199         0   0.02286        44       640    0.9425    0.8921    0.9244    0.7344    0.0185  0.003599         0
   196/299     22.1G   0.01903   0.00424         0   0.02327        44       640    0.9425     0.893    0.9243    0.7346   0.01849  0.003597         0
   197/299     22.1G   0.01918  0.004182         0   0.02336        51       640    0.9425    0.8932    0.9242     0.735    0.0185  0.003598         0
   198/299     22.1G   0.01919  0.004252         0   0.02345        52       640    0.9414    0.8942     0.924    0.7349    0.0185  0.003599         0
   199/299     22.1G   0.01917  0.004223         0   0.02339        44       640    0.9415    0.8944    0.9234    0.7349   0.01849  0.003601         0
   200/299     22.1G     0.019   0.00429         0   0.02329        62       640    0.9411    0.8946    0.9236    0.7353   0.01848  0.003603         0
   201/299     22.1G   0.01871  0.004237         0   0.02294        58       640    0.9407    0.8946    0.9258    0.7355   0.01849  0.003603         0
   202/299     22.1G   0.01865  0.004197         0   0.02285        66       640    0.9414    0.8941    0.9258    0.7354   0.01849  0.003605         0
   203/299     22.1G   0.01872  0.004194         0   0.02291        62       640     0.942    0.8957    0.9263    0.7346   0.01848  0.003608         0
   204/299     22.1G   0.01864  0.004213         0   0.02285        51       640     0.947    0.8911    0.9273    0.7353   0.01848  0.003608         0
   205/299     22.1G   0.01868  0.004119         0    0.0228        50       640    0.9424    0.8946    0.9274    0.7355   0.01849  0.003609         0
   206/299     22.1G    0.0187  0.004205         0   0.02291        58       640    0.9448    0.8934    0.9258    0.7349   0.01848  0.003611         0
   207/299     22.1G   0.01842  0.004218         0   0.02264        41       640    0.9447    0.8934    0.9259    0.7343   0.01848   0.00361         0
   208/299     22.1G   0.01874   0.00414         0   0.02288        39       640    0.9454    0.8934    0.9256    0.7346   0.01849   0.00361         0
   209/299     22.1G    0.0184   0.00413         0   0.02253        53       640    0.9416     0.898    0.9272     0.735    0.0185  0.003611         0
   210/299     22.1G   0.01834  0.004198         0   0.02254        46       640    0.9433     0.898    0.9273    0.7348    0.0185  0.003614         0
   211/299     22.1G   0.01844  0.004095         0   0.02254        62       640    0.9453    0.8969    0.9273     0.735   0.01849  0.003614         0
   212/299     22.1G   0.01847  0.004192         0   0.02267        46       640     0.946    0.8969    0.9272    0.7358    0.0185  0.003616         0
   213/299     22.1G   0.01833  0.004135         0   0.02247        55       640    0.9467     0.898    0.9278     0.736    0.0185  0.003618         0
   214/299     22.1G   0.01811  0.004096         0    0.0222        37       640    0.9399    0.9058    0.9277    0.7354   0.01849  0.003619         0
   215/299     22.1G   0.01838  0.004107         0   0.02249        52       640    0.9384    0.9038    0.9279    0.7351   0.01849  0.003622         0
   216/299     22.1G   0.01853   0.00426         0   0.02279        55       640     0.944     0.899    0.9279     0.736   0.01848  0.003625         0
   217/299     22.1G   0.01817  0.004164         0   0.02233        38       640    0.9373     0.905    0.9275    0.7353   0.01846  0.003626         0
   218/299     22.1G   0.01812  0.004131         0   0.02225        47       640    0.9334    0.9095    0.9276    0.7366   0.01844  0.003627         0
   219/299     22.1G    0.0183  0.004088         0   0.02239        48       640    0.9345    0.9108    0.9284    0.7369   0.01843  0.003629         0
   220/299     22.1G   0.01815  0.004123         0   0.02227        55       640    0.9355    0.9085    0.9286    0.7364   0.01843   0.00363         0
   221/299     22.1G   0.01825  0.004123         0   0.02237        41       640    0.9354    0.9096    0.9299    0.7374   0.01842  0.003631         0
   222/299     22.1G   0.01776  0.004162         0   0.02192        63       640    0.9354    0.9096    0.9297    0.7367   0.01842  0.003633         0
   223/299     22.1G     0.018  0.004103         0    0.0221        50       640    0.9356    0.9095    0.9302    0.7371   0.01841  0.003633         0
   224/299     22.1G   0.01818  0.004117         0    0.0223        57       640    0.9346    0.9105    0.9302    0.7376   0.01842  0.003631         0
   225/299     22.1G   0.01791  0.004077         0   0.02199        46       640    0.9381    0.9085    0.9301    0.7376   0.01844  0.003633         0
   226/299     22.1G   0.01803  0.004042         0   0.02207        60       640    0.9379    0.9095      0.93    0.7377   0.01844  0.003633         0
   227/299     22.1G   0.01771  0.004053         0   0.02176        51       640    0.9377    0.9096    0.9294    0.7384   0.01844  0.003636         0
   228/299     22.1G   0.01796  0.004073         0   0.02203        31       640    0.9401    0.9108    0.9305    0.7382   0.01845  0.003636         0
   229/299     22.1G    0.0177  0.004016         0   0.02172        53       640    0.9413    0.9108    0.9306    0.7382   0.01846  0.003635         0
   230/299     22.1G   0.01774   0.00405         0   0.02179        56       640    0.9432    0.9108    0.9306    0.7384   0.01848  0.003635         0
   231/299     22.1G    0.0178  0.004115         0   0.02192        50       640    0.9436    0.9108    0.9303     0.739   0.01849  0.003637         0
   232/299     22.1G   0.01761   0.00403         0   0.02164        48       640    0.9436    0.9106    0.9304    0.7388    0.0185  0.003637         0
   233/299     22.1G   0.01774  0.004056         0   0.02179        51       640    0.9436    0.9106    0.9304    0.7385   0.01852  0.003638         0
   234/299     22.1G   0.01774  0.004089         0   0.02183        60       640    0.9434    0.9108    0.9305    0.7393   0.01853  0.003639         0
   235/299     22.1G   0.01743  0.004004         0   0.02143        42       640    0.9436    0.9108    0.9304    0.7392   0.01853  0.003641         0
   236/299     22.1G   0.01755  0.004012         0   0.02156        39       640    0.9436    0.9107    0.9304    0.7397   0.01854  0.003642         0
   237/299     22.1G   0.01753  0.004075         0   0.02161        51       640    0.9447    0.9107    0.9304      0.74   0.01854  0.003646         0
   238/299     22.1G   0.01713  0.004044         0   0.02117        52       640    0.9445    0.9108    0.9306      0.74   0.01855  0.003649         0
   239/299     22.1G   0.01727  0.004014         0   0.02129        54       640    0.9433    0.9119     0.931    0.7407   0.01854  0.003653         0
   240/299     22.1G   0.01718  0.004015         0    0.0212        51       640    0.9436    0.9118     0.931    0.7414   0.01854  0.003657         0
   241/299     22.1G   0.01742  0.004081         0    0.0215        47       640    0.9558    0.9012    0.9312    0.7414   0.01854  0.003658         0
   242/299     22.1G   0.01728  0.004043         0   0.02132        56       640    0.9558    0.9014    0.9319    0.7418   0.01853  0.003661         0
   243/299     22.1G   0.01708  0.003976         0   0.02106        51       640    0.9555    0.9015    0.9321    0.7411   0.01852  0.003664         0
   244/299     22.1G   0.01728  0.004048         0   0.02133        46       640    0.9569    0.9014     0.932    0.7411   0.01853  0.003666         0
   245/299     22.1G   0.01718  0.003971         0   0.02115        57       640    0.9569    0.9013    0.9318    0.7415   0.01853  0.003671         0
   246/299     22.1G   0.01725  0.004041         0   0.02129        43       640    0.9481    0.9106    0.9337    0.7428   0.01853  0.003674         0
   247/299     22.1G   0.01735  0.004012         0   0.02136        59       640    0.9603    0.9003    0.9338     0.743   0.01853  0.003674         0
   248/299     22.1G   0.01723  0.004045         0   0.02128        67       640    0.9493    0.9105     0.934    0.7426   0.01853  0.003677         0
   249/299     22.1G   0.01699   0.00396         0   0.02095        39       640    0.9537    0.9069    0.9338    0.7435   0.01853  0.003679         0
   250/299     22.1G   0.01697  0.003966         0   0.02094        41       640    0.9515    0.9096    0.9339    0.7437   0.01852  0.003682         0
   251/299     22.1G    0.0171  0.004018         0   0.02112        47       640    0.9419     0.921    0.9348    0.7441   0.01852  0.003684         0
   252/299     22.1G   0.01724  0.004042         0   0.02128        46       640    0.9504    0.9106    0.9335    0.7436   0.01852  0.003687         0
   253/299     22.1G   0.01687   0.00394         0   0.02081        69       640    0.9419      0.92    0.9336    0.7439   0.01852  0.003689         0
   254/299     22.1G   0.01687   0.00395         0   0.02082        51       640    0.9419    0.9198    0.9335    0.7448   0.01852  0.003693         0
   255/299     22.1G   0.01688   0.00391         0   0.02079        52       640    0.9419    0.9197    0.9336    0.7452   0.01852  0.003695         0
   256/299     22.1G   0.01669  0.003977         0   0.02067        65       640    0.9418      0.92    0.9337    0.7444   0.01852  0.003698         0
   257/299     22.1G    0.0168  0.004041         0   0.02084        54       640     0.943    0.9198    0.9339     0.745   0.01852  0.003702         0
   258/299     22.1G    0.0166  0.003974         0   0.02057        44       640    0.9435      0.92     0.934    0.7457   0.01852  0.003704         0
   259/299     22.1G   0.01672  0.003985         0    0.0207        49       640     0.944      0.92    0.9341    0.7455   0.01853  0.003706         0
   260/299     22.1G   0.01673  0.003973         0   0.02071        61       640    0.9441      0.92    0.9343    0.7451   0.01854  0.003709         0
   261/299     22.1G   0.01686   0.00397         0   0.02083        52       640    0.9428    0.9189    0.9336    0.7458   0.01854   0.00371         0
   262/299     22.1G   0.01691  0.004013         0   0.02093        37       640    0.9428    0.9189    0.9336    0.7457   0.01854  0.003714         0
   263/299     22.1G   0.01681  0.003884         0   0.02069        52       640    0.9428    0.9189    0.9336    0.7453   0.01855  0.003715         0
   264/299     22.1G   0.01674  0.003955         0   0.02069        45       640    0.9428    0.9189     0.934    0.7454   0.01856  0.003718         0
   265/299     22.1G   0.01678  0.003877         0   0.02065        59       640    0.9429    0.9189     0.934    0.7454   0.01857  0.003722         0
   266/299     22.1G   0.01676  0.004009         0   0.02077        57       640    0.9428    0.9189    0.9341    0.7453   0.01857  0.003723         0
   267/299     22.1G   0.01662  0.003884         0   0.02051        49       640     0.944    0.9186    0.9342    0.7452   0.01858  0.003726         0
   268/299     22.1G   0.01654  0.003939         0   0.02048        32       640    0.9425    0.9189    0.9348    0.7449   0.01859  0.003728         0
   269/299     22.1G   0.01645  0.003908         0   0.02036        44       640    0.9462    0.9162     0.934    0.7445    0.0186  0.003731         0
   270/299     22.1G    0.0166  0.003943         0   0.02054        44       640    0.9461    0.9166     0.934    0.7447    0.0186  0.003735         0
   271/299     22.1G   0.01681  0.003952         0   0.02076        64       640    0.9451    0.9174     0.934     0.744    0.0186  0.003738         0
   272/299     22.1G   0.01659  0.003894         0   0.02048        50       640    0.9452    0.9196    0.9351    0.7438   0.01859   0.00374         0
   273/299     22.1G   0.01637   0.00387         0   0.02024        46       640    0.9463    0.9196    0.9352    0.7439   0.01859  0.003743         0
   274/299     22.1G   0.01672  0.003886         0   0.02061        39       640     0.945    0.9189     0.934    0.7435   0.01859  0.003745         0
   275/299     22.1G   0.01647  0.003882         0   0.02035        45       640     0.945    0.9189     0.934    0.7443   0.01859  0.003745         0
